PL00008 02 7 10 18 20 22 24 26 28
PL00032 02 7 10 20 22 24 26 28 30
PL00035 03 7 10 20 22 24 26 28 30
PL00045 03 7 10 18 20 22 24 26 28
PL00047 03 7 10 18 20 22 24 26 28
PL00055 02 7 10 24 26 28 30 32 34
PL00056 02 7 10 18 20 22 24 26 28
PL00061 03 7 10 18 20 22 24 26 28
PL00064 02 7 10 18 20 22 24 26 28
PL00071 03 7 10 18 20 22 24 26 28
PL00087 03 7 10 18 20 22 24 26 28
PL00114 03 7 10 18 20 22 24 26 30
PL00152 01 7 10 18 20 22 24 26 28
PL00161 01 7 10 20 24 26 28 30 32
PL00223 01 7 10 18 20 22 24 32 34
PL00276 02 7 10 18 20 22 24 26 28
PL00306 01 7 10 20 22 24 26 28 30
PL00431 02 7 10 18 20 22 24 26 28
PL00452 02 7 10 18 20 22 24 26 28
PL00533 01 7 10 16 18 20 22 24 26
PL00534 01 7 10 18 20 22 24 26 28 
PL00537 01 7 10 18 20 22 24 26 28
PL00538 01 7 10 18 20 22 24 26 28
PL00545 01 7 10 16 18 20 22 24 26
PL00546 01 7 10 16 18 20 22 24 26
PL00561 01 7 10 18 22 24 26 28 30 
PL00566 01 7 10 18 20 22 24 26 28
PL00573 01 7 10 18 20 22 24 26 28
PL00580 01 7 10 18 20 22 26 28 30
PL00581 01 7 10 18 20 22 24 26 28
PL00585 01 7 10 18 20 22 24 26 28
PL00597 01 7 10 18 20 22 24 26 28
PL00628 01 7 10 18 20 22 24 26 28
PL00635 01 7 10 20 22 24 26 28 30
PL00642 02 7 10 18 20 22 24 26 28
PL00644 01 7 10 18 20 22 24 26 28
PL00646 03 7 10 18 20 22 24 26 28
PL00708 01 7 10 18 20 22 24 26 28
PL00715 01 7 10 20 22 24 26 28 30
PL00745 01 7 10 18 20 22 24 26 28
PL00747 01 7 10 18 20 22 24 26 28
PL00749 01 7 10 18 20 22 24 26 28
PL00750 01 7 10 18 20 22 24 26 28
PL00752 01 7 10 18 20 22 24 26 28
PL00755 01 7 10 18 20 22 24 26 28
PL00786 01 7 10 18 20 22 24 26 28
PL00800 01 13 16 24 26 28 30 32 34
PL00801 01 7 10 18 20 22 24 26 28
PL00805 01 7 10 20 22 24 26 28 30
PL00811 01 7 10 18 20 22 24 26 28
PL00812 01 7 10 18 20 22 24 26 28
PL00838 01 7 10 18 20 22 24 26 28
PL00840 01 7 10 18 20 22 24 26 28
PL00867 01 7 10 18 20 22 24 26 28
PL00872 01 7 10 18 20 22 24 26 28
PL00875 01 7 10 18 20 22 24 28 30
PL00876 01 7 10 18 20 22 24 26 28
PL00877 01 7 10 18 20 22 26 28 30
PL00880 02 7 10 18 20 22 24 26 28
PL00886 01 7 10 24 26 28 30 32 34
PL00887 01 7 10 18 20 22 24 26 28
PL00889 02 7 10 18 20 22 24 26 28
PL00897 01 7 10 18 20 22 24 26 28
PL00915 01 7 10 18 20 22 24 26 28
PL00932 01 7 10 18 20 22 24 26 28
PL00941 01 7 10 18 20 22 24 26 28
PL00971 01 7 10 18 20 22 24 26 28
PL01024 01 7 10 18 20 22 24 26 28
PL01026 01 7 10 18 20 22 24 26 28
PL01027 01 7 10 18 20 22 24 26 28
PL01029 01 7 10 22 24 26 28 30 32
PL01114 01 7 10 18 20 22 24 26 28
PL01115 01 7 10 18 20 22 24 26 28
PL01118 01 7 10 18 20 22 24 26 28
PL01122 01 7 10 18 20 22 24 26 28
